latitude: 43.124599
longitude: 0.1083083
nom: "Montgaillard"